102
76 85 
94 64 
51 98 
55 28 
43 39 
86 52 
84 100 
64 33 
35 44 
32 63 
96 74 
90 68 
62 75 
58 59 
54 65 
75 34 
74 72 
33 39 
74 75 
50 97 
41 62 
44 89 
87 58 
67 28 
82 42 
76 65 
37 26 
22 62 
100 55 
40 65 
50 80 
69 22 
52 61 
61 90 
45 46 
54 79 
92 65 
77 82 
59 52 
51 73 
81 30 
89 21 
26 90 
95 23 
38 31 
66 92 
91 73 
52 36 
26 46 
38 38 
69 39 
31 46 
37 68 
22 82 
27 45 
40 79 
86 40 
45 67 
37 66 
95 36 
97 57 
80 49 
49 33 
20 72 
42 27 
46 52 
58 51 
21 59 
92 22 
57 39 
64 34 
62 60 
69 93 
88 48 
79 59 
58 76 
74 70 
72 74 
88 60 
89 57 94 
76 30 21 
54 91 29 
83 90 21 
32 29 81 
58 33 69 
99 81 39 
76 57 92 
37 59 82 70 
90 23 62 50 
91 98 91 92 
90 82 45 74 
77 48 56 66 
25 85 45 40 
88 98 66 52 
20 57 94 88 
66 34 49 54 
43 92 83 52 
54 86 87 66 89 
97 62 75 21 20 
44 92 40 40 83 
74 34 20 45 88 60 
29 65 67 91 60 40 20 
